Mon. Dec. 23, 2013             LANDSAT 5                 Time: 00:40
                         Image Assessment System
                           GCP Residual Report
----------------------------------------------------------------------------
WOID: L9540171            Path/Row: 181 / 063

L0R Reference Image: L51JSA1008173080100_HDF.133570630
Acquisition Date: Jun 21, 2008

Band Number:  5

GeoCover date for each WRS-2 path/row used:
Path  Row   Date
181   063   2002-05-12


Point_ID      Latitude  Longitude    Height       Across    Along    Residual  Residual
                                                   Scan      Scan      In y      in x
                                                 Residual  Residual    dir       dir
                (deg)     (deg)     (meters)     (meters)  (meters)  (meters)  (meters)

1810630004   -4.262999   17.178551   393.302       2.958    -5.732     3.752    -5.245
1810630007   -4.236969   16.490827   338.386       1.510     2.234     1.172     2.427
1810630009   -5.163035   16.453830   618.161      -0.099    -1.592     0.132    -1.589
1810630010   -5.153433   16.379932   794.001      -1.442    -3.333    -0.945    -3.502
1810630011   -5.005342   16.596588   607.368       0.318     3.005    -0.119     3.017
1810630013   -4.441017   16.179801   678.684      -6.719     1.625    -6.875     0.639
1810630016   -5.174903   16.595383   700.668       3.969    -0.491     3.995     0.086
1810630017   -5.142507   16.412923   575.457      -1.412    -1.587    -1.168    -1.773
1810630018   -5.131852   16.445912   581.407       3.549     0.934     3.375     1.435
1810630019   -4.949539   16.561288   600.121       1.103     1.969     0.806     2.106
1810630022   -4.667235   16.506836   539.163      -4.075    -2.872    -3.615    -3.427
1810630024   -4.694707   16.473905   603.921       4.119    -2.448     4.425    -1.827
1810630029   -4.411099   16.873076   515.602      -1.199     3.029    -1.622     2.824
1810630030   -4.763890   16.915094   538.197      -2.155    -5.128    -1.392    -5.382
1810630033   -4.674940   16.580672   500.962      -0.759     0.540    -0.829     0.424
1810630035   -4.797175   17.036048   516.375       0.842     6.001    -0.033     6.057
1810630039   -4.434984   16.218451   619.227       0.711    -3.188     1.162    -3.050
1810630040   -5.162299   16.419461   682.695      -1.597    -4.916    -0.870    -5.090
1810630041   -5.016448   16.488672   598.831      -0.910    -2.029    -0.608    -2.137
1810630047   -4.027765   16.891876   461.582      -1.155     4.372    -1.772     4.158
1810630049   -5.116739   16.409889   704.867      -5.443     1.950    -5.662     1.143
1810630050   -4.667835   16.603098   642.371      -3.393    -0.212    -3.325    -0.698
1810630053   -3.957681   17.153958   356.294       2.166     4.135     1.547     4.403
1810630054   -3.937518   15.858868   485.780      -1.083     3.008    -1.503     2.818
1810630056   -4.945641   16.486889   749.544      -2.247     2.111    -2.525     1.763
1810630057   -4.083033   16.920369   474.959       4.910     1.214     4.681     1.907
1810630058   -3.982589   16.711604   488.441       5.750    -2.360     6.026    -1.507
1810630060   -4.319572   17.121434   447.222      -3.976    -3.333    -3.454    -3.870
1810630061   -4.972652   16.539160   363.932      -6.341     5.305    -7.037     4.333
1810630062   -4.713278   16.770576   435.225       4.848     2.328     4.460     3.001
1810630063   -4.976822   16.914615   560.032      -1.026     4.705    -1.694     4.505
1810630064   -5.066464   16.869972   644.423      -2.909    -6.883    -1.884    -7.225
1810630069   -4.785176   16.868375   541.254       2.547    -0.558     2.598    -0.185
1810630073   -4.953694   16.844228   625.774      -0.364    -1.956    -0.079    -1.987
1810630075   -5.086379   16.517241   363.000       4.204     5.052     3.430     5.603
1810630076   -4.045440   16.873008   471.324       0.814     1.101     0.646     1.207
1810630077   -4.606755   16.496434   615.917      -4.115     4.469    -4.712     3.826
1810630078   -5.080793   16.469337   605.852      -0.164    -3.672     0.367    -3.654
1810630084   -4.759642   16.978350   515.045       2.423    -4.227     3.005    -3.832
1810630088   -3.605151   15.781562   632.133       3.950     1.642     3.669     2.191
1810630097   -5.090595   16.873829   738.314      -0.903     3.629    -1.417     3.457
1810630098   -4.580268   16.804846   605.011       1.171    -0.712     1.260    -0.536
1810630099   -4.121029   16.671909   487.148      -4.100    -3.869    -3.499    -4.417
1810630100   -4.633229   16.983670   530.838       1.621     0.590     1.517     0.817
1810630102   -5.101911   16.989372   626.583      -1.327    -4.240    -0.702    -4.385
1810630103   -4.800255   16.809197   564.090       1.424    -4.204     2.014    -3.952
1810630109   -5.101773   16.854384   796.488       1.695     3.502     1.170     3.706
1810630112   -4.217391   16.769657   526.773      -3.591    -6.126    -2.670    -6.576
1810630115   -4.445164   17.018559   529.271      -0.285    -3.515     0.224    -3.518
1810630116   -4.929103   16.907446   601.575      -0.531    -1.490    -0.311    -1.550
1810630119   -5.022465   16.467583   709.631       2.382    -1.004     2.499    -0.649
1810630125   -4.766941   16.890497   548.740       2.051    -2.816     2.433    -2.489
1810630126   -4.017483   17.102259   396.200      -1.506     5.936    -2.345     5.656
1810630128   -3.800385   16.795227   459.772       0.277     7.008    -0.734     6.971
1810630129   -4.654434   16.529522   346.000       2.090    -1.881     2.338    -1.560
1810630130   -4.705940   16.281923   600.202      -2.371     1.969    -2.628     1.606
1810630133   -3.974050   17.219623   367.421      -4.813     1.834    -5.027     1.123
1810630134   -4.509692   16.464332   515.346      -3.877    -1.781    -3.577    -2.319
1810630135   -4.990442   16.471299   671.813       0.491     3.457    -0.013     3.488
1810630137   -5.140741   16.474074   411.931       1.967     0.571     1.863     0.848
1810630138   -4.704614   16.535039   368.552      -6.123     3.673    -6.586     2.751
1810630140   -5.199346   16.880912   567.886       2.071    -0.850     2.170    -0.542
1810630143   -5.092437   16.893041   701.528      -0.386    -3.668     0.146    -3.683
1810630144   -4.046022   17.078834   372.064       0.522    -1.458     0.725    -1.368
1810630145   -5.008893   16.796504   777.218      -0.391     2.534    -0.753     2.449
1810630148   -4.726540   16.557262   538.611      -1.056    -0.068    -1.035    -0.219
1810630150   -4.885433   16.808883   618.799       5.273    -0.071     5.224     0.689
1810630152   -4.825361   17.043162   561.649      -0.151     2.518    -0.513     2.469
1810630153   -4.409601   15.704458   348.346       5.150     1.775     4.838     2.497
1810630154   -4.009207   17.050382   372.373      -0.698    -0.209    -0.661    -0.307
1810630155   -4.489256   16.216648   527.767      -1.762     2.742    -2.137     2.458
1810630157   -5.037812   16.519022   366.569       0.736     4.867     0.026     4.920
1810630159   -4.900881   16.911422   590.548       0.338    -1.011     0.480    -0.951
1810630160   -3.704528   15.999913   299.980       1.183    -1.579     1.398    -1.392
1810630161   -3.929737   16.547800   601.519      -5.932    -4.294    -5.249    -5.098
1810630162   -4.130316   17.100931   430.177       0.732     3.694     0.191     3.760
1810630165   -4.870761   16.915393   572.424      -0.099     1.218    -0.274     1.191
1810630168   -4.833308   16.824428   545.395       1.819     1.603     1.567     1.847
1810630169   -4.697358   16.503115   583.367      -0.360    -1.379    -0.158    -1.415
1810630171   -4.977203   16.876480   718.483      -0.895     0.253    -0.922     0.121
1810630173   -5.112434   16.512973   373.275       3.600     3.843     3.006     4.320
1810630174   -3.981580   16.535739   572.040       2.299    -2.210     2.591    -1.855
1810630175   -4.172584   17.013788   558.975       2.915     3.408     2.392     3.790
1810630177   -5.218863   16.885299   635.452       0.185    -6.054     1.056    -5.960
1810630179   -4.278961   15.809764   676.813      -3.463     1.440    -3.629     0.926
1810630180   -4.178232   16.811178   479.234       0.564     1.231     0.380     1.298
1810630184   -4.550550   16.965603   534.169       0.419     2.718     0.022     2.748
1810630187   -4.626073   17.020143   386.536      -0.675     0.683    -0.767     0.578
1810630188   -4.317630   16.299081   662.107      -2.939     1.981    -3.190     1.536
1810630189   -4.734494   16.852556   587.908      -6.820     4.872    -7.447     3.836
1810630192   -4.464600   16.194438   568.949       1.852     1.046     1.681     1.301
1810630193   -4.486761   16.982998   513.100      -2.304     2.705    -2.669     2.343
1810630195   -3.750518   16.633361   522.265      -2.771    -4.148    -2.144    -4.500
1810630196   -5.100567   16.801356   788.081       3.856     2.702     3.422     3.226
1810630198   -4.779136   16.990572   485.894       1.568     1.992     1.263     2.196
1810630199   -4.773601   16.500846   604.144       0.743    -0.291     0.777    -0.181
1810630200   -4.634968   16.498115   560.355       2.992    -0.202     2.987     0.231
1810630202   -4.972038   16.679552   575.769       0.092     0.276     0.051     0.287
1810630203   -4.607271   16.227122   546.815       1.092     1.289     0.894     1.432
1810630204   -4.689268   16.925162   514.269      -1.268    -4.289    -0.636    -4.425
1810630208   -5.001750   17.013949   483.115       2.195     2.891     1.753     3.176
1810630209   -4.855757   16.848827   574.517      -0.540     2.090    -0.836     1.989
1810630212   -4.308643   17.051967   524.532      -2.948    -2.478    -2.560    -2.875
1810630217   -4.730736   17.031527   546.722       1.572    -4.292     2.173    -4.019
1810630223   -5.011919   15.829543   718.927       4.876    -3.919     5.384    -3.170
1810630225   -3.698201   17.233218   321.760      -0.204    -2.511     0.158    -2.514
1810630226   -5.074337   16.444430   687.130       0.538    -3.140     0.984    -3.027
1810630227   -4.577130   16.966215   540.300      -1.917     0.468    -1.964     0.187
1810630228   -3.609343   16.535352   543.366       0.664    -3.722     1.191    -3.586
1810630230   -3.895658   16.635526   611.213       4.132    -1.870     4.355    -1.255
1810630231   -4.618374   15.876394   611.342      -0.562    -5.222     0.197    -5.243
1810630234   -4.378982   16.691113   398.625       1.097     1.198     0.912     1.343
1810630236   -4.982171   17.030116   490.258       1.713     2.916     1.273     3.131
1810630237   -4.605563   16.983323   465.838       1.437    -1.836     1.685    -1.609
1810630240   -3.987596   17.122438   311.429      -3.349    -5.922    -2.462    -6.342
1810630242   -4.835529   16.904748   553.734      -1.103     0.426    -1.153     0.262
1810630243   -5.140245   16.870186   722.612      -6.583    -3.717    -5.973    -4.624
1810630245   -4.067439   16.975437   479.343       0.703     2.970     0.267     3.039
1810630248   -3.760070   17.111071   357.775       1.627    -3.067     2.051    -2.800
1810630249   -4.115036   17.031741   490.170       2.379     1.088     2.196     1.418
1810630250   -5.129557   16.247824   645.482       2.085     0.611     1.973     0.905
1810630251   -3.808525   17.254558   328.155       4.691     1.876     4.371     2.531
1810630252   -4.486294   16.495915   342.864      -4.347     0.796    -4.414     0.161
